-74007106 40471428
-74003521 40471896
-73999183 40465707
-73991582 40451007
-73990482 40449807
-73991682 40446508
-73991882 40446008
-73987882 40436608
-73984482 40426508
-73975582 40399508
-73975082 40397109
-73975033 40395849
-73975882 40396009
-73976154 40396077
-73976282 40396109
-73978182 40396409
-73979582 40396509
-73980282 40396509
-73981682 40397009
-73986982 40399409
-73987482 40399709
-73988910 40400362
-73990282 40401208
-73991782 40401908
-73993282 40402208
-73994182 40402408
-73994848 40402539
-73999182 40403708
-74000182 40404408
-74002887 40405387
-74002900 40405389
-74003373 40405363
-74003820 40405836
-74004362 40406411
-74005244 40407454
-74005382 40407508
-74006483 40407908
-74007273 40408222
-74009861 40409250
-74009983 40409308
-74014919 40409979
-74015100 40409945
-74017702 40409690
-74019642 40409883
-74020627 40409841
-74022483 40410408
-74022810 40410540
-74023524 40410426
-74023541 40410428
-74027083 40410608
-74028683 40411008
-74029983 40411008
-74031270 40411403
-74032468 40411023
-74033010 40411181
-74034383 40411508
-74036191 40411928
-74038183 40412408
-74039683 40412808
-74041484 40413308
-74042584 40413608
-74044584 40414008
-74047084 40414608
-74048984 40415108
-74050184 40415408
-74050555 40415519
-74051184 40415708
-74052284 40416008
-74053052 40416209
-74053884 40416408
-74054484 40416508
-74055384 40416708
-74055667 40416264
-74055984 40415608
-74057284 40415708
-74059184 40415808
-74062184 40415708
-74064984 40415808
-74066184 40416008
-74066828 40416016
-74069472 40416335
-74069484 40416208
-74069884 40416308
-74070284 40416408
-74071184 40416508
-74072084 40416708
-74073984 40417108
-74074536 40417208
-74075205 40417330
-74076184 40417508
-74076984 40417608
-74077885 40417708
-74078685 40417908
-74079585 40418008
-74080385 40418208
-74081285 40418308
-74082085 40418408
-74086346 40418900
-74087285 40419008
-74089785 40419608
-74091285 40420208
-74094585 40421308
-74096985 40422308
-74103085 40425808
-74104185 40426508
-74105671 40427264
-74107385 40428407
-74108156 40428829
-74108832 40429229
-74109496 40429659
-74109585 40429707
-74110185 40430107
-74110885 40430507
-74111585 40430907
-74112324 40431453
-74112409 40431516
-74114301 40432530
-74117819 40433977
-74119886 40434107
-74120986 40434207
-74121772 40434308
-74126886 40434707
-74127986 40434807
-74130086 40435107
-74131262 40435251
-74132414 40435385
-74133701 40435512
-74135086 40435707
-74137886 40436207
-74138986 40436507
-74139841 40436736
-74140986 40437007
-74142486 40437307
-74143486 40437507
-74144486 40437707
-74145380 40437814
-74146665 40438063
-74146887 40438106
-74147779 40438196
-74149886 40438407
-74150786 40438407
-74153487 40438307
-74155187 40438207
-74158187 40438107
-74159187 40438007
-74160100 40437990
-74161787 40437907
-74162964 40437887
-74164164 40437820
-74166787 40437707
-74168887 40437607
-74169266 40437580
-74171926 40437442
-74172238 40437442
-74174187 40437607
-74175287 40437807
-74176187 40438107
-74177187 40438307
-74179587 40438807
-74181501 40437952
-74182405 40438132
-74183315 40438329
-74184387 40438507
-74186587 40439007
-74187287 40439207
-74188040 40439323
-74188587 40439407
-74192688 40438407
-74193588 40438307
-74196288 40438107
-74197888 40438007
-74199073 40437676
-74199498 40438262
-74200108 40438079
-74200862 40437847
-74201688 40437607
-74203388 40437007
-74204222 40436612
-74205288 40436107
-74207188 40435207
-74209388 40434807
-74210488 40434907
-74213388 40435307
-74218276 40436113
-74219288 40436507
-74221185 40437243
-74224888 40438807
-74225688 40439507
-74227322 40440778
-74228389 40441607
-74229789 40442707
-74232089 40444607
-74232289 40444807
-74234589 40447307
-74235289 40447807
-74235789 40448207
-74236089 40448507
-74236989 40449206
-74239173 40451018
-74241189 40452706
-74241614 40453015
-74242889 40454006
-74243389 40454406
-74244089 40454906
-74244289 40455106
-74244689 40455406
-74245189 40455806
-74246289 40456706
-74246689 40457006
-74247355 40457378
-74247784 40457618
-74250089 40458906
-74251589 40459606
-74253489 40460506
-74255989 40461706
-74256589 40462006
-74257389 40462306
-74257889 40462506
-74258489 40462706
-74258589 40462806
-74258789 40462906
-74259189 40463106
-74260489 40463806
-74261089 40464006
-74261889 40464206
-74262389 40464406
-74262898 40464533
-74263589 40464706
-74264190 40464806
-74265238 40464890
-74265790 40464906
-74266390 40464906
-74266790 40464906
-74267990 40464706
-74269290 40464506
-74270790 40466306
-74271290 40466906
-74271790 40467506
-74272290 40468006
-74272790 40468506
-74273190 40469106
-74273590 40469706
-74275619 40472357
-74278074 40475656
-74278356 40476035
-74278622 40476408
-74279033 40476986
-74280090 40478106
-74280690 40478706
-74280990 40479206
-74281690 40480006
-74282190 40480706
-74282690 40481206
-74283190 40481905
-74283690 40482505
-74283990 40482805
-74284690 40483005
-74285390 40483405
-74284590 40484605
-74285490 40485105
-74284590 40486305
-74283790 40488505
-74285690 40490205
-74292190 40493105
-74292590 40493205
-74293791 40493805
-74295391 40494705
-74296091 40495205
-74296491 40495705
-74297291 40496805
-74297491 40497105
-74293391 40505705
-74291690 40507805
-74289990 40509705
-74289690 40510205
-74287390 40513805
-74286890 40514805
-74286390 40515605
-74285890 40516505
-74285390 40517305
-74285190 40517505
-74284390 40518305
-74283390 40519505
-74282890 40519905
-74282390 40520505
-74282090 40521105
-74279790 40520605
-74279490 40521205
-74279255 40521111
-74278990 40521005
-74278590 40522005
-74277790 40521905
-74276590 40521605
-74275390 40521405
-74275190 40522105
-74274890 40522805
-74274690 40523505
-74273190 40523305
-74273090 40523905
-74271990 40523605
-74271490 40524605
-74271190 40525105
-74269790 40524705
-74269490 40525205
-74269090 40525805
-74268990 40526105
-74267762 40525816
-74267290 40525705
-74266890 40525605
-74266290 40525605
-74265890 40525405
-74265090 40525305
-74263890 40525205
-74263261 40525153
-74262351 40525077
-74261490 40525005
-74261190 40525005
-74250589 40524705
-74246889 40525005
-74243820 40525142
-74239291 40525366
-74235758 40525606
-74235470 40525626
-74233333 40525756
-74231477 40525936
-74230441 40525984
-74228369 40525999
-74226512 40526063
-74223511 40526703
-74221460 40527080
-74218631 40527999
-74217872 40528208
-74216904 40528459
-74215738 40528770
-74213514 40528966
-74211757 40529472
-74211182 40529638
-74209886 40529966
-74208677 40530278
-74206755 40530836
-74205437 40531213
-74202997 40531886
-74200358 40532032
-74199802 40532063
-74198511 40532433
-74197620 40532736
-74196873 40533117
-74195460 40533837
-74193170 40534411
-74192390 40534940
-74190857 40536006
-74189885 40536696
-74188026 40537863
-74186491 40538800
-74184071 40539851
-74182883 40540228
-74181198 40540704
-74179924 40540817
-74178887 40541030
-74177916 40540913
-74177527 40540995
-74177506 40540814
-74177485 40540633
-74175973 40540878
-74175023 40541025
-74174116 40541205
-74173554 40541171
-74170681 40541908
-74170286 40541757
-74168994 40541984
-74168241 40542283
-74167376 40542710
-74166491 40542973
-74166148 40541737
-74165456 40542296
-74164905 40542864
-74164374 40543447
-74163552 40543858
-74163315 40543956
-74159748 40545861
-74159294 40546091
-74158991 40546256
-74158558 40546485
-74157175 40547175
-74156829 40547372
-74156051 40547750
-74154364 40548867
-74153867 40549135
-74153564 40549294
-74153412 40549360
-74152657 40549457
-74151662 40549498
-74151490 40549505
-74150863 40550031
-74150105 40550886
-74149737 40551166
-74147361 40551623
-74145872 40551324
-74145310 40551620
-74144662 40551701
-74143688 40552457
-74142455 40553130
-74141180 40553573
-74140488 40554099
-74140379 40554280
-74140379 40554480
-74140204 40555020
-74139813 40555959
-74138925 40557011
-74137647 40557894
-74137475 40558013
-74136740 40558391
-74135615 40558982
-74134943 40559788
-74134465 40560808
-74133902 40561449
-74133166 40562140
-74132914 40562617
-74132775 40562880
-74132384 40563555
-74131539 40564574
-74130306 40565165
-74129830 40565296
-74129203 40565723
-74128316 40566331
-74127428 40566922
-74126995 40567547
-74126411 40567793
-74125653 40568237
-74124723 40568927
-74123965 40569469
-74123337 40569945
-74121845 40570486
-74120589 40571686
-74120201 40571504
-74118837 40572539
-74117776 40573279
-74117530 40573169
-74117323 40573047
-74116046 40573885
-74115483 40574394
-74114833 40574903
-74114162 40575363
-74113513 40575889
-74112863 40576316
-74112170 40576875
-74111477 40577368
-74110785 40577827
-74110113 40578337
-74109312 40578879
-74108555 40579322
-74107862 40579864
-74107039 40580439
-74106216 40581079
-74105502 40581539
-74104830 40582098
-74103596 40583018
-74103011 40583412
-74102232 40583921
-74101754 40584215
-74101539 40584348
-74099786 40585250
-74098551 40586285
-74097837 40586778
-74097230 40587237
-74096342 40587812
-74096601 40588043
-74096037 40588553
-74095671 40588371
-74095064 40588863
-74094436 40589323
-74093548 40590013
-74092060 40589335
-74091517 40589960
-74090997 40590469
-74090519 40591094
-74090021 40591636
-74088381 40590892
-74088055 40591451
-74087732 40591319
-74087081 40592124
-74086325 40591843
-74085484 40591627
-74084634 40593618
-74083619 40593451
-74082151 40593168
-74080637 40593527
-74079945 40593822
-74078756 40593918
-74077987 40594140
-74077739 40594212
-74076766 40594440
-74075879 40594768
-74075100 40595063
-74074300 40595275
-74073500 40595570
-74072591 40595864
-74070990 40596371
-74070276 40596633
-74069476 40596944
-74068848 40597124
-74068156 40597353
-74067247 40597631
-74066533 40597892
-74066166 40598023
-74065755 40598138
-74065257 40598301
-74063656 40598874
-74062725 40599218
-74061795 40599512
-74060843 40599790
-74060760 40599826
-74060074 40600086
-74059309 40600375
-74058276 40600847
-74056835 40601444
-74056105 40601734
-74054915 40601785
-74054779 40602361
-74054555 40603203
-74054136 40603350
-74053125 40603678
-74043874 40606682
-74035739 40608951
-74034981 40609212
-74033271 40609850
-74032383 40610260
-74031734 40610423
-74030889 40610914
-74030325 40611423
-74028870 40612918
-74028152 40614135
-74026481 40615597
-74026218 40616003
-74026133 40616123
-74023460 40619146
-74023200 40619442
-74022121 40620639
-74021940 40620822
-74020788 40622103
-74019619 40623677
-74019396 40623977
-74018683 40623958
-74017881 40624467
-74017143 40625008
-74016384 40625517
-74015647 40626042
-74014910 40626534
-74014216 40627026
-74013500 40627502
-74012806 40627961
-74011983 40628453
-74011245 40628961
-74010551 40629354
-74009965 40629863
-74009098 40630388
-74008339 40630896
-74007645 40631438
-74006951 40631930
-74006716 40632118
-74006560 40632234
-74006148 40632405
-74005497 40632931
-74004695 40633406
-74004109 40633981
-74003285 40634374
-74002591 40634899
-74001875 40635325
-74001160 40635833
-74000487 40636292
-73999599 40636702
-73998839 40637226
-73998188 40637702
-73997473 40638161
-73996670 40638669
-73995976 40639161
-73995282 40639637
-73994609 40640080
-73994067 40640424
-73993764 40640555
-73993091 40641047
-73992397 40641506
-73991616 40642047
-73990900 40642490
-73990184 40642899
-73989446 40643474
-73988752 40643867
-73987950 40644391
-73984938 40645535
-73982707 40646434
-73981948 40646745
-73981645 40646876
-73980975 40646890
-73979936 40647019
-73978789 40647131
-73977859 40647276
-73976972 40647388
-73975998 40647468
-73974917 40647563
-73974636 40647546
-73974355 40647512
-73973166 40647443
-73972496 40647408
-73971911 40647653
-73970979 40648029
-73970394 40648257
-73969440 40648683
-73968552 40649009
-73967577 40649385
-73966710 40649695
-73965778 40650071
-73964890 40650414
-73964175 40650708
-73963958 40650790
-73963048 40651133
-73962571 40651312
-73962109 40651487
-73961011 40651900
-73959949 40652308
-73958909 40652651
-73955540 40651965
-73952274 40652102
-73949375 40652274
-73946412 40652412
-73945460 40652541
-73944530 40652620
-73943427 40652633
-73942583 40652762
-73941610 40652742
-73940593 40652837
-73939728 40652834
-73938776 40652913
-73937716 40652992
-73936764 40653121
-73935877 40653200
-73934882 40653180
-73933973 40653259
-73933086 40653306
-73932048 40653351
-73931053 40653397
-73930123 40653378
-73929041 40653506
-73928198 40653486
-73927203 40653647
-73926164 40653742
-73925191 40653788
-73924347 40653851
-73923460 40653881
-73922529 40654010
-73921859 40654024
-73921254 40653989
-73919913 40653967
-73918573 40653913
-73917513 40653975
-73916108 40653855
-73914940 40653834
-73913341 40653746
-73911957 40653692
-73910638 40653654
-73910422 40653719
-73909642 40653930
-73908646 40654075
-73907889 40654138
-73906914 40654348
-73905096 40654605
-73904079 40654717
-73903235 40654812
-73902345 40655369
-73900433 40656844
-73899936 40656776
-73898745 40656953
-73897901 40657065
-73896949 40657111
-73896041 40657173
-73895220 40657055
-73894117 40656952
-73892992 40657014
-73892298 40657406
-73891387 40657716
-73890628 40658042
-73889783 40658401
-73888980 40658744
-73888112 40659152
-73887310 40659495
-73886507 40659871
-73885705 40660148
-73884860 40660490
-73884035 40660899
-73883255 40661159
-73882431 40661502
-73881606 40661861
-73880739 40662269
-73879871 40662595
-73879155 40662938
-73878331 40663264
-73877485 40663607
-73876683 40663966
-73875837 40664309
-73874969 40664651
-73874145 40664994
-73873300 40665270
-73872519 40665596
-73871802 40666088
-73870614 40665918
-73869618 40666030
-73868730 40666191
-73867907 40666319
-73865916 40666575
-73862257 40667070
-73861391 40667182
-73860309 40667309
-73859334 40667470
-73858403 40667631
-73857558 40667776
-73856801 40667871
-73855567 40668064
-73854874 40668160
-73853878 40668255
-73852774 40668464
-73851670 40668558
-73850565 40668751
-73849656 40668945
-73847555 40669249
-73847167 40669132
-73845872 40668732
-73845074 40668432
-73841858 40667430
-73840132 40666846
-73838971 40665919
-73837874 40666011
-73835182 40665704
-73834583 40665604
-73832624 40665243
-73831581 40665080
-73828382 40664786
-73825507 40664625
-73824823 40664591
-73822285 40664463
-73821451 40664401
-73819658 40664267
-73818737 40664198
-73818287 40664165
-73813018 40665854
-73810271 40665875
-73809255 40665870
-73808605 40665854
-73807817 40665836
-73807576 40665830
-73801147 40665520
-73798768 40665493
-73796130 40665283
-73792930 40665235
-73789121 40665580
-73785290 40665957
-73784619 40665954
-73783473 40665965
-73782196 40666123
-73780183 40666245
-73772870 40666622
-73771074 40666630
-73766774 40666230
-73765175 40666008
-73759470 40665486
-73757784 40665280
-73754174 40665064
-73753401 40665032
-73751926 40664970
-73750000 40665043
-73746973 40664945
-73740809 40665046
-73738930 40665038
-73737611 40664763
-73735469 40664820
-73729587 40664707
-73728074 40664601
-73724276 40665203
-73722776 40665203
-73717771 40664269
-73716475 40663903
-73713275 40663103
-73708775 40661903
-73706975 40661303
-73705675 40660803
-73704275 40660403
-73703575 40660203
-73702975 40660003
-73702175 40659803
-73701775 40659703
-73700575 40659403
-73699475 40659503
-73698575 40659403
-73697675 40659203
-73695875 40658703
-73695109 40658501
-73693975 40658203
-73693775 40658103
-73692975 40658003
-73692175 40657903
-73691275 40657703
-73690475 40657603
-73689775 40657403
-73689575 40657303
-73688675 40657003
-73687875 40656703
-73687275 40656503
-73686575 40656303
-73684875 40655703
-73683975 40655403
-73682575 40654703
-73681674 40654103
-73681174 40653703
-73680174 40652903
-73679674 40652403
-73678874 40651703
-73678074 40651103
-73677374 40650603
-73675774 40649603
-73674374 40649003
-73673374 40648603
-73672574 40648203
-73671974 40647903
-73671745 40647746
-73671674 40647703
-73670174 40647103
-73668774 40646503
-73667627 40646012
-73667374 40645903
-73665934 40645183
-73665174 40644803
-73665174 40644403
-73664174 40644203
-73662474 40644103
-73662374 40643303
-73661974 40640703
-73660874 40640703
-73659274 40640703
-73658874 40640703
-73658474 40640603
-73657759 40640603
-73657374 40640603
-73656345 40640552
-73655774 40639203
-73655174 40639203
-73654874 40638903
-73654374 40637103
-73654174 40636603
-73653974 40635803
-73653774 40635103
-73653574 40634303
-73653274 40633603
-73653174 40632903
-73652974 40632203
-73652774 40631403
-73652674 40631003
-73652574 40630703
-73652274 40630103
-73652274 40629303
-73651974 40628703
-73651874 40628103
-73651674 40627503
-73651674 40626903
-73651274 40625403
-73649974 40620503
-73644374 40620903
-73641516 40621003
-73640474 40621003
-73641774 40616903
-73643074 40615703
-73643474 40614403
-73643674 40614103
-73643774 40613803
-73643974 40613103
-73644274 40612403
-73644574 40611803
-73644974 40611203
-73645474 40610703
-73646074 40609903
-73647374 40608303
-73648874 40606503
-73650174 40604903
-73651374 40603403
-73651574 40603203
-73653574 40601003
-73653874 40600603
-73654274 40600303
-73654474 40600003
-73654874 40599503
-73655174 40599203
-73655874 40598203
-73656374 40597603
-73656474 40597403
-73656674 40596703
-73656674 40596358
-73656674 40595403
-73656574 40594603
-73656674 40593803
-73659374 40593703
-73662874 40593004
-73663574 40592304
-73663874 40591604
-73663874 40590904
-73663974 40590204
-73664001 40589261
-73664074 40588604
-73665574 40588604
-73666674 40588604
-73669574 40588604
-73672575 40588604
-73675375 40588604
-73678275 40588604
-73681075 40588504
-73681575 40588504
-73682075 40588504
-73682475 40588504
-73682975 40588504
-73683475 40588504
-73683975 40588504
-73684375 40588404
-73684875 40588404
-73685275 40588504
-73685775 40588504
-73686375 40588504
-73686775 40588504
-73687275 40588504
-73687875 40588504
-73688475 40588504
-73689075 40588504
-73689475 40588504
-73690175 40588504
-73690675 40588504
-73691275 40588504
-73691875 40588504
-73692475 40588504
-73693075 40588504
-73693675 40588504
-73694175 40588504
-73694775 40588504
-73695275 40588404
-73695875 40588404
-73696475 40588404
-73696975 40588504
-73697575 40588404
-73698175 40588504
-73698875 40588404
-73699275 40588404
-73699975 40588404
-73700475 40588504
-73701175 40588504
-73701675 40588504
-73702175 40588404
-73702675 40588504
-73703275 40588504
-73703875 40588404
-73704375 40588504
-73704975 40588504
-73705675 40588504
-73705675 40587004
-73706175 40587004
-73706935 40587048
-73708759 40587022
-73709077 40587018
-73710075 40587004
-73717376 40587304
-73717776 40587304
-73718476 40587704
-73719276 40588104
-73719276 40588504
-73719976 40588504
-73720876 40588604
-73721576 40588704
-73722376 40588704
-73723076 40588704
-73723976 40588804
-73724776 40588804
-73725576 40588804
-73726276 40588904
-73727076 40589004
-73727976 40589004
-73728776 40589104
-73729576 40589204
-73730376 40589204
-73731176 40589304
-73731976 40589404
-73732676 40589404
-73733376 40589504
-73734176 40589504
-73734976 40589604
-73735976 40589704
-73736276 40589704
-73736876 40589704
